1614
498
1150
1316
1436
544
1088
1540
1450
1878
880
966
312
84
1974
290
642
1458
1680
1224
606
958
1878
982
176
1430
198
740
1632
626
1102
1644
1024
534
1676
1266
1338
998
138
1642
1934
1952
510
624
326
1490
840
1114
388
714
1294
306
1416
1888
1336
980
248
904
236
1806
1852
1964
198
48
1694
1706
1954
816
840
1866
700
1962
1270
1270
1566
1628
1170
1072
446
1958
1066
188
1258
294
262
906
1086
488
394
700
376
246
1010
1532
1792
164
1432
622
876
288
294
1794
1742
1656
274
580
942
794
708
1808
78
834
1806
946
26
700
284
798
1360
824
520
1114
1188
16
790
1360
1070
1060
12
1924
1412
566
164
1592
1534
1642
1390
1424
1954
1494
116
1634
1820
114
64
1580
1280
1938
670
12
1944
1100
190
638
908
850
578
1776
1486
1044
246
1012
1626
1540
476
1108
440
1688
564
1068
452
508
726
1476
1688
1180
1100
318
50
1894
770
434
752
218
802
770
304
1526
1246
456
288
1360
1826
1466
46
1068
1212
1274
1358
992
808
706
1660
504
1912
1630
1314
1230
1338
794
190
202
1650
876
1972
874
1680
542
1774
1250
626
1560
1990
1552
1762
878
1548
634
1112
694
1552
176
1108
1968
1510
1718
814
30
386
1758
1936
910
1710
284
1926
1004
1944
216
798
634
1688
1276
1680
1302
1302
1698
890
1834
1062
1268
458
1746
18
360
1438
850
108
520
1474
1090
662
246
400
512
168
1194
0
1888
1100
300
1952
824
1108
1702
1008
534
1496
130
540
1398
878
258
190
966
894
1214
1546
652
686
944
1190
848
36
564
800
408
740
570
1264
1796
986
1030
182
144
356
764
714
1422
1756
68
1658
1822
1030
1182
1440
1772
1266
902
1234
1176
1178
1746
1754
608
716
400
508
1920
1830
1894
336
1836
1386
204
1082
820
0
1444
70
1714
1070
1068
1186
576
588
836
582
1170
1838
1266
170
204
1834
10
458
1362
1494
758
790
690
350
206
1800
770
1316
378
484
1860
1648
1032
1350
90
1794
1456
1900
462
960
406
1800
256
230
780
6
1352
1396
1428
1560
1538
1664
1148
1098
212
798
1754
676
1758
1330
1940
1216
1446
1300
1942
838
660
1492
598
460
1242
1744
248
488
1916
1392
1754
128
1120
1196
1794
1416
290
194
1602
410
1136
460
548
1998
826
640
50
1272
1730
1720
1062
16
1100
648
390
514
274
1916
1332
476
110
1106
166
1376
1484
806
704
682
1014
1820
896
1698
254
342
1722
828
1250
1282
262
696
1684
666
1948
890
550
440
1474
478
1188
610
1858
506
918
964
712
608
1576
1796
112
1856
1064
136
1734
704
1878
1900
1494
1674
1232
1782
1342
1840
1342
1974
90
240
816
316
390
1254
596
1874
1126
108
230
1454
1654
1590
234
412
1032
12
266
1848
1202
194
1974
206
648
216
1424
734
30
1420
432
1486
1946
1734
1440
1714
338
1730
1654
224
1840
1046
528
962
1398
952
1204
144
1332
362
1040
768
1982
420
516
422
1488
1036
1436
1428
1646
1762
1918
1636
1268
1650
1836
56
58
68
1842
480
1508
1080
504
1870
166
1200
1730
1274
792
128
1544
474
1350
490
1876
466
912
1876
1494
1222
698
894
1430
1386
138
258
968
1338
1002
1050
578
1380
1230
1600
178
1956
434
1692
76
1086
676
1424
654
1438
992
802
1576
578
1322
1226
470
1824
1928
1978
1568
1828
1962
258
66
90
1952
1974
1646
1638
34
1490
1900
1700
18
8
290
1938
1530
782
214
1848
730
1054
908
1084
396
1890
1632
1232
1014
1308
1954
862
1800
578
930
1802
1244
1758
662
1032
96
1772
1238
1218
1416
1490
1982
1774
1504
364
54
182
1304
1386
1436
988
1110
854
672
586
442
832
408
1582
900
992
1584
1140
690
418
1828
1598
1764
1626
1842
86
1792
172
1438
300
820
1246
1958
86
1410
674
434
1312
1632
1898
1354
1278
740
1672
1514
1582
1666
640
354
476
1930
944
978
182
428
1874
1488
1244
1514
1716
1044
728
1516
1768
1670
882
1042
358
1728
1074
1556
174
1162
330
1692
1464
664
1588
1518
1694
754
924
1276
1638
300
754
1414
1672
1440
598
1072
1778
1912
780
992
96
28
88
1836
300
202
706
1642
1462
294
490
1922
1182
276
1440
1686
950
274
1958
192
290
454
1946
1036
696
318
524
1188
770
10
1778
796
1826
466
728
988
1370
1780
1992
184
664
1868
840
120
900
736
1482
1602
904
1722
294
828
1040
154
400
1750
506
1742
658
710
1438
942
1640
1528
1138
1260
820
1136
1070
612
1020
764
1208
1640
786
1150
1960
0
1192
1894
556
1122
1086
1466
1704
522
1648
800
760
1740
1582
846
996
28
1690
1972
1018
76
1698
436
580
1186
1486
1110
526
228
746
642
994
844
794
918
1566
1428
422
1538
1900
1096
274
570
1756
568
612
1830
1920
1162
1016
1414
1132
1840
1124
570
1938
1516
1246
556
626
1774
20
1616
1956
0
788
1014
1984
194
1572
434
208
1478
1552
1168
792
1080
268
908
38
56
1342
740
1326
1402
1248
1086
1588
16
1962
1104
720
970
718
38
538
584
922
974
706
1498
1720
808
1760
932
730
748
824
1478
162
1668
1418
1368
1994
198
532
362
1076
118
642
1750
134
706
1872
1548
426
462
1352
56
1700
140
122
594
178
4
1116
222
72
370
1072
1734
1394
460
654
