1615
499
1149
1317
1435
545
1089
1539
1449
1877
881
965
311
85
1975
289
641
1459
1681
1225
607
957
1877
981
175
1429
199
739
1633
625
1101
1643
1025
535
1675
1267
1337
997
137
1643
1935
1951
509
623
325
1491
839
1113
389
715
1293
307
1417
1889
1337
981
249
903
235
1807
1851
1963
197
49
1693
1707
1955
817
839
1867
699
1963
1271
1269
1565
1629
1169
1073
445
1957
1065
189
1259
293
261
905
1085
487
393
699
377
247
1011
1531
1791
163
1433
621
877
289
293
1795
1743
1657
275
579
941
795
707
1809
77
833
1805
945
25
699
285
799
1359
825
521
1115
1189
17
791
1359
1069
1061
13
1925
1411
565
165
1591
1535
1643
1391
1425
1953
1493
115
1633
1819
115
63
1581
1281
1937
671
13
1945
1099
191
639
909
849
579
1775
1485
1043
247
1013
1627
1541
477
1107
441
1689
563
1069
453
507
727
1477
1689
1181
1101
319
49
1895
771
435
751
217
801
771
303
1525
1247
455
289
1359
1825
1465
45
1069
1211
1273
1359
991
807
705
1659
503
1911
1631
1313
1229
1339
795
189
201
1651
875
1971
873
1679
541
1773
1251
625
1559
1991
1553
1761
879
1547
633
1113
693
1551
175
1107
1969
1511
1717
815
31
387
1757
1935
911
1711
283
1927
1005
1943
217
797
633
1689
1277
1679
1301
1303
1699
889
1833
1063
1267
457
1745
19
361
1437
849
109
521
1475
1091
661
245
401
513
167
1195
1999
1887
1101
301
1953
825
1109
1701
1009
533
1497
131
539
1399
877
259
189
967
895
1215
1547
651
685
943
1189
847
35
563
801
407
741
571
1263
1797
985
1029
181
143
357
763
715
1423
1757
67
1657
1821
1029
1183
1441
1771
1267
901
1233
1177
1179
1747
1755
609
717
401
509
1921
1831
1895
335
1835
1385
203
1081
819
1
1443
71
1715
1069
1067
1187
575
587
837
581
1171
1837
1265
169
205
1835
9
457
1361
1495
757
791
689
349
207
1799
771
1317
377
483
1861
1647
1031
1349
89
1795
1455
1901
463
961
407
1801
255
229
779
7
1353
1395
1427
1561
1537
1665
1149
1099
211
797
1753
675
1759
1329
1941
1215
1447
1301
1943
837
659
1493
599
461
1243
1743
249
489
1917
1393
1753
129
1121
1197
1793
1415
289
193
1603
411
1135
459
549
1997
827
641
51
1271
1729
1719
1061
17
1101
647
391
515
273
1915
1333
475
109
1107
165
1375
1485
807
705
681
1013
1821
895
1697
255
343
1721
829
1251
1283
261
697
1685
665
1949
891
549
441
1473
479
1187
611
1859
507
917
963
713
609
1575
1797
111
1855
1063
135
1735
705
1879
1899
1493
1673
1233
1783
1343
1839
1343
1973
91
241
815
317
389
1255
595
1873
1127
107
229
1455
1655
1591
233
411
1033
13
265
1849
1203
195
1973
207
649
217
1423
733
31
1421
433
1485
1947
1733
1441
1713
339
1731
1655
223
1839
1045
527
961
1397
953
1203
143
1333
361
1041
769
1983
421
517
423
1489
1037
1437
1427
1645
1761
1917
1637
1267
1651
1837
57
59
69
1841
481
1509
1081
503
1871
167
1199
1731
1273
791
129
1543
475
1351
491
1875
465
911
1875
1495
1221
697
895
1431
1387
137
259
967
1337
1003
1051
579
1379
1229
1601
179
1955
435
1693
77
1087
677
1423
653
1439
993
801
1577
577
1321
1225
471
1825
1927
1979
1569
1827
1961
257
65
91
1953
1973
1645
1639
33
1489
1899
1699
17
9
289
1937
1531
783
215
1849
731
1053
909
1083
395
1889
1631
1231
1013
1309
1955
861
1801
579
931
1801
1245
1759
661
1033
97
1771
1237
1217
1417
1489
1981
1773
1505
363
53
181
1303
1385
1435
989
1111
853
671
587
441
831
407
1583
899
991
1583
1141
689
417
1829
1599
1763
1625
1843
87
1791
173
1439
301
821
1247
1957
85
1409
673
433
1311
1633
1897
1353
1279
741
1673
1513
1581
1667
639
355
475
1929
943
979
183
427
1873
1487
1243
1513
1715
1045
729
1515
1769
1669
883
1041
359
1727
1075
1555
173
1163
331
1691
1465
665
1587
1519
1695
755
925
1275
1639
301
755
1413
1673
1441
599
1071
1777
1913
781
991
97
29
89
1837
301
203
705
1643
1463
293
491
1923
1181
275
1439
1685
949
275
1957
193
289
453
1945
1037
695
317
525
1187
769
9
1779
795
1825
465
729
989
1369
1779
1991
185
663
1867
841
121
901
737
1483
1601
903
1721
293
827
1039
153
399
1751
507
1743
659
709
1439
943
1641
1529
1137
1261
821
1135
1069
611
1019
765
1207
1639
787
1151
1961
1
1193
1895
555
1121
1087
1467
1705
523
1647
801
761
1739
1581
847
997
29
1691
1971
1019
75
1699
437
581
1185
1487
1111
525
227
745
643
993
843
793
919
1567
1429
421
1537
1899
1095
275
571
1757
569
611
1831
1921
1161
1015
1415
1133
1839
1125
569
1939
1515
1247
557
627
1773
21
1615
1957
1
789
1015
1983
193
1573
433
207
1479
1553
1169
791
1079
267
909
39
57
1343
741
1327
1401
1247
1087
1587
17
1963
1105
719
969
719
39
537
583
923
975
707
1497
1719
807
1761
933
729
747
823
1477
161
1669
1417
1369
1993
197
533
361
1075
117
641
1749
133
705
1873
1547
425
463
1351
57
1699
141
121
595
179
3
1115
223
71
369
1071
1733
1393
461
