3351
1144
3049
3795
3248
198
3732
3259
3730
2551
1128
3962
149
117
3989
1527
1811
3392
3248
101
1477
4591
4395
4311
1827
2629
3352
2778
1568
3863
3266
1269
4263
514
840
86
3170
150
3859
3991
232
1561
3651
831
2322
781
157
3923
4114
4163
212
4320
1898
1015
4615
2917
3709
1813
1542
746
4930
528
4288
2372
219
4712
636
3746
771
765
193
1532
2776
4439
3583
3219
4287
1381
3299
2057
4129
4670
3680
3381
1395
988
46
1123
2721
3910
4557
1472
3679
2644
4423
2067
1810
2541
3911
2460
894
2021
4636
4410
2672
1564
2087
1430
4977
3255
3665
399
312
4269
2126
2494
3694
1243
4173
2666
3149
1190
3272
3668
3241
1638
4911
1710
1850
1915
1587
3595
4228
4853
4198
3379
1984
4203
2523
3885
1610
3351
2458
1101
1838
3433
4073
1898
4705
2453
2788
1154
3823
800
316
867
30
1993
2683
1830
1067
421
4477
2486
2838
4058
1187
2634
1346
2573
997
583
703
433
3660
2363
1245
437
921
2268
4652
3292
4627
2469
3603
4834
2776
4063
3920
2966
4958
4458
4867
1222
846
1141
3591
2873
1108
1829
1479
3859
1640
4224
4711
3126
2927
99
1613
2151
1221
4495
994
4121
3911
2763
1499
3049
3679
217
4927
91
3276
2411
4408
3237
3612
4411
133
483
1664
4563
2657
4403
1316
793
1402
1201
3740
75
518
4212
1
3106
1787
1260
393
811
325
1532
1115
1211
1114
3099
2024
3751
2785
1433
1691
3285
4378
1954
122
556
1155
1802
2903
3986
4742
3480
2921
984
3935
704
2381
1998
4472
1192
4520
4425
3666
2756
4128
901
975
639
4560
1291
3995
4861
2346
319
3671
4548
2498
1363
659
729
4027
1362