1719
1179
4155
1470
157
2491
1141
979
530
2333
4865
1158
17
4478
3383
4188
4307
4888
2585
495
3279
3648
3353
845
3327
2610
434
1098
3682
4904
7
3447
1669
4275
1634
4102
1961
4080
4227
2872
558
161
84
4249
610
367
924
520
3241
1614
4590
3228
4655
4789
1471
4089
4921
2930
28
3771
24
3748
2053
4419
4915
4067
2202
4244
4362
1863
3581
4253
4487
1517
3932
3638
1565
2951
206
1467
4949
985
129
2406
1216
1963
567
3820
2017
1828
187
2895
2623
401
413
1711
171
2689
3541
1446
4507
785
2011
1047
4019
98
395
311
2622
4187
3400
4297
1781
2882
4661
2059
4514
3937
3406
1613
2095
1029
1528
4390
3074
2871
3389
2195
1406
827
608
4003
3255
2949
4783
3613
4900
2703
4569
3569
1712
414
3759
3528
3094
1923
4845
783
3863
480
3999
3625
1162
221
4036
1514
4025
4528
1698
4561
1137
3448
2519
1731
4903
727
3997
4949
4249
3919
480
3452
2474
557
4622
4700
1563
3312
3580
879
2716
1383
1862
171
826
3839
3328
1069
1990
4459
1650
4279
2802
1242
4200
2193
4718
3785
1934
3537
336
1940
744
4847
2732
1157
2300
3480
3375
1209
4435
1036
677
1162
4212
2181
3598
2098
4297
217
4380
1159
39
1741
3817
1656
2236
3
242
1473
1652
1416
2502
4078
1319
3201
1935
3444
4196
4120
251
2015
4404
3957
2076
2073
3089
815
3596
2771
4371
4523
4860
2381
4119
3657
4305
625
200
2681
2435
1614
2397
2582
2158
2449
1964
3991
4136
4090
4648
1350
1912
966
1565
797
4731
1795
1250
2496
1502
1644
1189
4148
4189
3843
2571
4381
4362
49
69
3827
1415
4258
4991
4637
2329
105
348
2646
340
2086
4410
3473
4969
1769
3703
2781
2435
2707
4483
4160
29
1171
4918
2876
2921
4632
1566
532
2075
1949
2210
4650
3786
1381
4612
464
4691
4324
2726
2349
4780
1259
1714
2914
930
1422
3928
1301
626
2900
3256
2531
2061
4635
4292
4357
1011
4907
310
316
2060
1696
1218
2551
3553
4350
2995
1449
4285
1217
1076
629
1437
1634
4332
2796
3720
3006
3158
3916
2040
645
1131
441
3187
2781
1667
4748
4108
2248
4876
3008
3233
3209
613
1003
310
2759
812
1675
1538
879
4623
4411
817
3576
1574
4890
2476
2596
1687
341
2253
509
3545
4587
700
1556
133
728
370
119
1092
1661
2903
4551
2132
646
2723
253
290
3023
4340
3440
1200
3941
1547
2897
782
4728
1327
3003
1177
174
4274
3079
4239
4473
300
950
2981
964
1818
1859
4624
997
1089
520
2904
3607
2723
3898
2556
1782
3501
4806
4272
4197
3901
3179
612
419
493
2783
4596
4284
875
991
1893
4972
461
2350
1494
1370
244
2949
4429
221
2108
4940
4233
748
4960
384
158
2606
3816
2296
4050
3732
341
2487
3022
3308
1287
2480
2946
990
2316
1710
639
2765
3240
3599
591
3750
4228
118
743
2095
1190
2621
895
4143
4754
4667
1232
4789
1682
1913
2600
1968
4610
1109
4690
2176
4533
2366
3462
4171
2880
1676
2572
1607
4309
264
1837
4901
3404
3036
1104
2457
2087
1893
3167
4782
3743
1810
4773
3999
3802
3399
3887
810
4750
2734
4959
3352
4830
993
4138
171
4937
539
1161
4415
2726
881
882
4547
1270
942
2625
707
900
4868
3051
4434
377
19
1644
643
1820
1163
135
1241
376
2845
4954
2102
1157
857
4588
1032
2221
1362
1694
2227
4504
3809
3255
2522
411
4745
2289
1882
3416
344
625
4723
3959
1249
3111
4958
1221
612
1240
3569
1974
514
154
285
4222
4180
1147
480
2110
2241
371
461
3322
4372
2218
2664
191
4331
4476
1054
3282
2347
1095
3049
2311
2822
2833
95
3623
2848
4506
4438
721
2015
2824
2754
465
498
2751
1259
3677
3495
3999
137
1407
4343
4951
3519
4997
2709
4470
316
4073
1590
2738
1948
3202
3824
2673
4245
1007
4798
3897
729
4134
1097
3454
3594
1567
1557
682
4213
1903
2618
3409
594
1548
2044
3319
516
774
1361
1926
790
4162
2944
245
6
420
2090
2873
864
3300
1388
1660
485
2920
3858
1866
3870
3757
4631
4647
3838
2405
1296
2929
3492
1639
2063
79
2284
2651
2109
1538
1827
2288
4216
1470
3064
2650
2496
1837
196
4079
3407
3354
2546
4383
1664