3822
3654
1926
4888
4644
389
1981
1659
1634
1492
3251
733
47
3662
1415
292
3644
1218
3503
4197
1882
1730
2513
90
2061
3499
1566
3046
4567
2335
1030
649
3138
3967
2701
433
1743
3906
2103
3482
3429
4685
2407
2604
3850
3681
3576
902
1061
369
4481
356
510
1294
2870
2503
1378
2183
4663
3001
4281
4556
224
1041
4464
567
4722
2541
4536
582
1789
1918
4799
1727
3054
1975
809
541
3195
2814
2966
2256
2070
637
620
3686
846
333
3966
3434
4307
2513
3543
1564
833
1144
1025
4667
3665
3203
3037
613
1596
3768
4656
3670
1625
2162
4898
2331
2800
2371
3297
3736
2323
4984
4844
2522
4957
3550
1042
1046
628
1989
3112
508
4739
765
3861
209
4935
1827
282
962
1192
2266
84
2457
272
89
260
1179
302
24
1358
4958
2387
306
2061
3062
23
1319
823
2179
4178
1011
3737
92
2664
2288
2663
2476
1965
2010
1514
71
210
1418
853
3200
3248
947
821
235
1192
315
232
43
403
1801
2339
3544
1644
4887
964
26
420
864
1419
1105
4341
11
394
4445
4004
2701
4580
851
2822
1629
3610
2188
949
2890
2749
795
4347
2886
1288
3662
2691
4779
3714
4946
758
2557
167
4049
4004
1012
3691
2004
566
3213
2820
4275
3726
3362
71
3242
1454
381
2085
4813
3489
753
833
3795
4803
4
574
176
3977
1384
4399
306
2879
2221
121
3487
1851
1007
357
3322
3387
4423
4032
4028
3088
1063
3523
2834
226
2203
2565
1290
3462
4074
1395
514
2038
272
4957
703
4674
3099
4924
2489
4609
4421
3220
2696
2251
2512
2631
3846
2226
4282
3906
1902
2406
4597
2201
2002
507
3672
888
1178
3406
1810
4204
3978
289
23
4239
2201
1808
1932
4210
1381
3526
2014
952
340
908
984
127
2616
153
4268
3897
2356
4761
4606
1826
3280
461
3233
346
2827
4261
119
1161
1990
1239
3313
3608
540
4567
3127
3688
139
3955
657
1970
2407
1710
4319
3359
2039
4471
3205
4353
4140
1515
1708
2977
2436
631
3350
1867
2682
1716
326
992
2290
4194
3107
2660
1334
2870
3386
4424
4022
1899
4505
3393
4879
4902
2807
1864
3761
1459
675
1091
78
4536
4160
746
4766
4178
2800
3492
4123
58
1254
1820
4423
3145
1906
1394
1684
4778
3516
2489
3459
4421
4578
3891
3766
3518
2832
2591
3550
2963
1291
338
4174
2222
302
1840
2898
4615
3451
2341
1660
2620
4122
838
2754
3126
3626
1262
4147
3139
2502
822
536
3813
3041
2980
3458
2656
433
3689
217
4725
4315
2040
1343
1022
3860
1215
3488
2261
1921
3266
1668
2936
3261
960
1067
673
3486
921
4025
4556
4194
3277
4264
4031
3418
2741
1406
1746
988
2179
945
687
3939
4014
1303
3257
515
452
4389
2984
2525
2188
4282
2045
3505
2023
1947
1950
1505
1147
3454
1439
2635