4437
488
1085
4873
4257
4193
4355
3308
4455
2141
638
2421
749
3646
3071
3390
598
1123
3890
125
4098
2374
222
2452
2670
2947
4356
4048
3568
1143
3045
3393
4683
223
4031
1264
543
238
843
1267
1302
4663
1672
2298
3467
2294
3681
4600
96
3262
1247
1763
3981
2726
4070
3376
3027
3753
2863
4277
1921
42
792
367
2347
2121
692
3336
1640
3855
3868
4550
4579
3362
4889
2027
3341
2002
2994
4193
4403
2615
2475
3021
3594
606
951
3993
4746
2100
1378
4100
61
170
1177
2776
526
3894
4280
4164
1245
1100
3396
1051
1297
2037
1005
3974
3138
4727
2596
4193
1732
2814
1396
3
4857
4341
3950
1419
4977
116
2958
430
34
4501
3168
4026
1
4298
1828
3044
3595
2688
594
3698
3975
2473
71
3296
4514
3765
4122
1065
4416
1742
1363
1018
4694
1201
1385
4220
1127
4751
4854
1391
3371
937
1887
826
3309
4468
2484
4777
2071
3604
638
4174
367
2711
1347
2980
2738
2468
4360
4452
1040
1827
2959
891
4104
2784
799
1239
3671
2615
1726
4539
3212
3061
1243
3887
3967
3235
2803
4506
1914
4244
3005
2384
3776
3196
2897
4401
1098
4322
605
1834
1375
2061
3980
4750
867
4276
4404
3185
1195
547
1676
284
322
1380
663
121
2868
3599
595
3743
4608
4037
3550
3284
1325
1222
4492
4296
2212
4145
1187
4825
1877
2679
1774
4022
4374
2813
1284
457
424
4280
431
917
4091
4367
3228
1609
1453
3762
2647
3055
2711
4324
2966
1891
4644
1670
609
3538
4095
2126
4247
1041
544
2681
2240
4969
1105
590
3240
4523
4657
36
3251
615
969
2006
262
2294
3467
4927
3673
1678
3724
1495
3333
3522
2137
2466
217
2598
4875
4832
578
2538
3180
3132
3869
1903
563
2520
3175
462
4727
364
1764
4940
4668
2687
332
554
2967
4878
3326
2747
2755
2133
2645
2749
757
3015
2924
44
4513
2798
1371
3900
4343
2328
2182
2100
2227
4928
2193
154
1965
3961
1532
3033
2080
4726
372
3227
619
4691
3983
2894
3281
4554
1299
3288
3664
719
986
1253
2357
1455
2814
1603
3346
1078
441
3896
2399
1494
3532
2846
3296
1257
1286
3721
287
4182
1829
3249
1664
2373
1605
1230
4069
3516
1684
3137
855
1943
3159
2000
3508
488
3972
453
2786
4519
2375
3344
4849
4819
4471
4168
1630
1000
1415
2662
759
2881
4344
787
3629
2842
1775
1834
714
30
2510
1809
1349
36
3082
579
2724
1793
1407
217
4575
1685
4559
2432
1536
115
2800
135
4024
4920
4255
3408
543
496
3843
60
2198
3589
3423
2759
3075
4164
4786
2255
2404
1916
1829
2782
3190
662
1681
2013
562
3215
1209
2201
1036
6
4305
4393
3601
2919
4772
1299
2292
4016
1527
1596
1398
1624
129
2655
6
2168
3498
4003
4761
156
1124
4119
2362
4153
4577
1114
4198
573
1106
4372