4541
593
756
2898
3631
2425
1582
2821
1208
4193
3202
362
353
1729
3547
20
3086
611
1901
4954
857
1839
2096
3407
3523
1537
1955
2655
4910
4266
974
1280
3254
2859
60
1959
1916
2028
594
1557
2280
4110
2324
3905
1978
1052
982
744
4771
2909
2087
781
1311
1754
2344
1892
310
4810
3321
4705
850
1055
1381
4214
82
2892
1743
4830
1060
796
4032
4066
3359
4596
936
4637
1528
2653
1009
3776
1863
1560
4116
2390
1704
4884
220
3437
2634
3148
1915
4722
3246
735
4147
3061
4668
4338
4523
1122
731
4686
4168
1903
3044
1286
3223
4264
1073
2523
1801
887
2492
6
4001
992
2317
4717
1649
3260
3168
3280
2726
2596
3180
3200
1308
3187
22
4681
244
2915
3382
3329
3702
1694
2723
1620
1209
3701
4820
4954
4378
1052
1831
859
2326
4026
2168
2988
1371
1633
3144
1661
4661
4685
356
4895
3932
372
2166
4902
3904
1159
1913
1317
421
3825
2723
1749
4796
2940
345
2840
893
1463
1994
452
4583
1724
1002
2057
3857
698
3046
4630
4735
4204
2422
1187
3613
644
1419
1942
4218
3603
295
2921
3189
1155
3994
2439
3856
1270
2455
3415
2371
4271
4367
2882
3622
4373
3563
3105
3954
3733
3845
2694
2177
1637
3681
937
2305
1758
1095
2915
1467
1872
3582
2007
2573
196
2213
1600
3148
167
164
4521
4849
4254
2429
3382
1336
2928
3888
252
4372
4116
237
1644
199
853
3035
4507
2219
1327
2366
2691
3174
1243
1882
1951
2085
2969
4947
3611
2792
3553
2277
1250
3075
4845
828
4820
2498
13
529
1046
3430
3736
871
1700
3081
3062
611
265
648
3858
3215
1844
901
849
603
1978
3518
4697
4441
1535
2827
3744
1341
4375
3882
4775
2392
3279
3510
3542
1718
353
4750
3452
3951
662
3052
2742
4255
762
4903
3648
4762
2062
611
1418
2772
4411
1340
2112
50
3294
1039
1078
1541
1982
1149
3184
3691
4213
1240
1991
1731
1432
4014
4175
4025
101
2534
4709
719
4079
569
1379
552
2143
1534
2520
3929
4499
2554
2782
2380
1416
2717
3140
3292
4377
1305
681
4787
1427
147
2608
3082
4920
791
4544
1531
1160
440
1287
1406
3248
473
2904
2300
358
873
3964
1105
1901
4828
1775
3367
1615
4738
309
2433
4543
3760
1076
1198
2428
894
1859
1936
167
74
2186
4807
1822
568
1045
4661
1545
3704
2727
954
2437
3003
4175
3341
2008
1271
735
2253
886
1551
1831
1054
1482
376
4361
3747
3508
2422
160
3797
2557
3371
2290
714
1358
3935
2599
3178
4273
1881
4689
1527
2913
1282
3888
4362
217
4780
3468
1234
694
2199
1716
4121
759
4555
475
4740
1655
2875
2809
1021
2301
4634
2384
3657
1779
4984
3370
4450
4169
2898
1368
3783
222
1795
4661
4577
3191
1101
1989
3474
4491
4488
4805
1146
802
1399
3597
543
1829
2835
835